name: Home
latitude: 30.518263996658227
longitude: 114.42714631281541
radius: 100  
icon: mdi:account-multiple